{
 "cells": [
  {
   "cell_type": "markdown",
   "id": "5a63a11c",
   "metadata": {
    "id": "5a63a11c",
    "pycharm": {
     "name": "#%% md\n"
    }
   },
   "source": [
    "# L1 - Lista de Exercícios 1\n",
    "\n",
    "__Objetivo:__ Desenvolver e revisar os conteúdos desenvolvidos até então no modulo;\n",
    "\n",
    "__Conteúdo:__ Serão 2 Exercícios obrigatórios (8 pontos) e um extra opcional (2 pontos), totalizando 10 pontos;\n",
    "\n",
    "__Forma de Entrega:__ _Jupyter Notebook_ individualmente pelo _Class_;\n",
    "\n",
    "__Data Limite para entrega:__ até o dia 05/08/2022;\n",
    "\n",
    "__Obs:__ O tempo de aula hoje será exclusivamente para o desenvolvimento dos exercícios e monitoria de dúvidas sobre os exercícios.\n",
    "\n",
    "<br>\n",
    "\n",
    "__E1__ Utilizando o _dataset_ `sports` disponibilizado no _drive_, desenvolva os tópicos a seguir:\n",
    "\n",
    "- Limpeza e tratamento dos dados;\n",
    "- Análise Exploratória dos Dados;\n",
    "- Identificação do Modelo de _Machine Learning_ mais adequado para a aplicação (Regressão ou classificação);\n",
    "- Execução do modelo escolhido e levantamento das métricas;\n",
    "\n",
    "<br>\n",
    "\n",
    "__E2__ Utilizando ao _dataset_ `insurance.csv`disponibilizado no _drive_, desenvolva os tópicos a seguir:\n",
    "\n",
    "- Limpeza e tratamento dos dados;\n",
    "- Análise Exploratória dos Dados;\n",
    "- Utilize um modelo de Regressão Linear para chegar nos valores de seguros cobrados;\n",
    "- Utilize agora um modelo de Regressão Logística para fazer a classificação das classes de seguros;\n",
    "\n",
    "__DICA:__ As classes de seguros precisam ser criadas (não existe no _dataset_). Desenvolva a _target_ explorando a relação entre os valores cobrados pela idade dos segurados. \n",
    "\n",
    "<br>\n",
    "\n",
    "__EE__ Dando continuidade ao exercício desenvolvido sobre o _dataset_ `COVID`, ou seja, após a limpeza dos dados e análise exploratória dos dados (isso não precisa ter nesse exercício, só a base já tratada). Desenvolva os tópicos a seguir:\n",
    "\n",
    " - Utilize uma Regressão Logística para as predições de resultados positivos de COVID;\n",
    " - A partir do _F1-Score_, determine o valor ideal de limiar de corte (_threshold_) para que se minimize os Falsos Negativos.\n",
    " \n",
    " <br>"
   ]
  },
  {
   "cell_type": "markdown",
   "source": [],
   "metadata": {
    "collapsed": false,
    "pycharm": {
     "name": "#%% md\n"
    }
   }
  },
  {
   "cell_type": "markdown",
   "source": [
    "**E1**) Utilizando o dataset sports disponibilizado no drive, desenvolva os tópicos a seguir:\n",
    "- Limpeza e tratamento dos dados;\n",
    "- Análise Exploratória dos Dados;\n",
    "- Identificação do Modelo de Machine Learning mais adequado para a aplicação (Regressão ou classificação);\n",
    "- Execução do modelo escolhido e levantamento das métricas;\n",
    "\n",
    "---\n",
    "\n",
    "### Importando as bases de dados"
   ],
   "metadata": {
    "collapsed": false,
    "pycharm": {
     "name": "#%% md\n"
    }
   }
  },
  {
   "cell_type": "code",
   "execution_count": 20,
   "id": "e675ebb5",
   "metadata": {
    "id": "e675ebb5",
    "pycharm": {
     "name": "#%%\n"
    }
   },
   "outputs": [
    {
     "name": "stdout",
     "output_type": "stream",
     "text": [
      "***** Bibliotecas importadas com sucesso *****\n"
     ]
    }
   ],
   "source": [
    "# Importando as bibliotecas\n",
    "import numpy as np\n",
    "import pandas as pd\n",
    "import matplotlib.pyplot as plt\n",
    "import seaborn as sns\n",
    "import plotly as px\n",
    "import os\n",
    "from pathlib import Path\n",
    "from IPython import display\n",
    "\n",
    "print(\"***** Bibliotecas importadas com sucesso *****\")"
   ]
  },
  {
   "cell_type": "code",
   "execution_count": 21,
   "outputs": [],
   "source": [
    "def caminho_dos_dados(projeto):\n",
    "    '''    Função que retorna o caminho dos dados atual acrescido do nome do projeto\n",
    "    '''\n",
    "    return str(Path(os.getcwd()).parent) + projeto\n"
   ],
   "metadata": {
    "collapsed": false,
    "pycharm": {
     "name": "#%%\n"
    }
   }
  },
  {
   "cell_type": "code",
   "execution_count": 24,
   "outputs": [
    {
     "name": "stdout",
     "output_type": "stream",
     "text": [
      "<class 'pandas.core.frame.DataFrame'>\n",
      "RangeIndex: 1340 entries, 0 to 1339\n",
      "Data columns (total 21 columns):\n",
      " #   Column             Non-Null Count  Dtype  \n",
      "---  ------             --------------  -----  \n",
      " 0   Name               1340 non-null   object \n",
      " 1   GamesPlayed        1340 non-null   int64  \n",
      " 2   MinutesPlayed      1340 non-null   float64\n",
      " 3   PointsPerGame      1340 non-null   float64\n",
      " 4   FieldGoalsMade     1340 non-null   float64\n",
      " 5   FieldGoalsAttempt  1340 non-null   float64\n",
      " 6   FieldGoalPercent   1340 non-null   float64\n",
      " 7   3PointMade         1340 non-null   float64\n",
      " 8   3PointAttempt      1340 non-null   float64\n",
      " 9   3PointPercent      1329 non-null   float64\n",
      " 10  FreeThrowMade      1340 non-null   float64\n",
      " 11  FreeThrowAttempt   1340 non-null   float64\n",
      " 12  FreeThrowPercent   1340 non-null   float64\n",
      " 13  OffensiveRebounds  1340 non-null   float64\n",
      " 14  DefensiveRebounds  1340 non-null   float64\n",
      " 15  Rebounds           1340 non-null   float64\n",
      " 16  Assists            1340 non-null   float64\n",
      " 17  Steals             1340 non-null   float64\n",
      " 18  Blocks             1340 non-null   float64\n",
      " 19  Turnovers          1340 non-null   float64\n",
      " 20  Target             1340 non-null   int64  \n",
      "dtypes: float64(18), int64(2), object(1)\n",
      "memory usage: 220.0+ KB\n"
     ]
    }
   ],
   "source": [
    "#Importando a base Sports e dando uma olhada no formato dos dados\n",
    "\n",
    "projeto = '/data'\n",
    "arquivo = '/sports.csv'\n",
    "path = caminho_dos_dados(projeto)\n",
    "sports = pd.read_csv(path + arquivo)\n",
    "\n",
    "sports.shape\n",
    "sports.info()"
   ],
   "metadata": {
    "collapsed": false,
    "pycharm": {
     "name": "#%%\n"
    }
   }
  },
  {
   "cell_type": "code",
   "execution_count": 29,
   "outputs": [
    {
     "data": {
      "text/plain": "1340"
     },
     "execution_count": 29,
     "metadata": {},
     "output_type": "execute_result"
    }
   ],
   "source": [
    "sports.shape[0]"
   ],
   "metadata": {
    "collapsed": false,
    "pycharm": {
     "name": "#%%\n"
    }
   }
  },
  {
   "cell_type": "code",
   "execution_count": 42,
   "outputs": [
    {
     "data": {
      "text/plain": "Index(['Name', 'GamesPlayed', 'MinutesPlayed', 'PointsPerGame',\n       'FieldGoalsMade', 'FieldGoalsAttempt', 'FieldGoalPercent', '3PointMade',\n       '3PointAttempt', '3PointPercent', 'FreeThrowMade', 'FreeThrowAttempt',\n       'FreeThrowPercent', 'OffensiveRebounds', 'DefensiveRebounds',\n       'Rebounds', 'Assists', 'Steals', 'Blocks', 'Turnovers', 'Target'],\n      dtype='object')"
     },
     "execution_count": 42,
     "metadata": {},
     "output_type": "execute_result"
    }
   ],
   "source": [
    "sports.columns"
   ],
   "metadata": {
    "collapsed": false,
    "pycharm": {
     "name": "#%%\n"
    }
   }
  },
  {
   "cell_type": "code",
   "execution_count": 46,
   "outputs": [
    {
     "data": {
      "text/plain": "                   GamesPlayed  MinutesPlayed  PointsPerGame  FieldGoalsMade  \\\nGamesPlayed           1.000000       0.641614       0.629725        0.631100   \nMinutesPlayed         0.641614       1.000000       0.924537        0.914580   \nPointsPerGame         0.629725       0.924537       1.000000        0.990493   \nFieldGoalsMade        0.631100       0.914580       0.990493        1.000000   \nFieldGoalsAttempt     0.598670       0.916515       0.975944        0.974310   \nFieldGoalPercent      0.308058       0.243878       0.327052        0.369671   \n3PointMade            0.032332       0.283859       0.261200        0.214921   \n3PointAttempt         0.042182       0.289591       0.277965        0.233971   \n3PointPercent         0.043060       0.185437       0.192032        0.153436   \nFreeThrowMade         0.581210       0.792769       0.869787        0.822084   \nFreeThrowAttempt      0.564184       0.772808       0.841688        0.801266   \nFreeThrowPercent      0.180348       0.237766       0.287923        0.247911   \nOffensiveRebounds     0.422184       0.546941       0.546135        0.570647   \nDefensiveRebounds     0.528180       0.786160       0.710901        0.717838   \nRebounds              0.517879       0.741049       0.690196        0.703588   \nAssists               0.440735       0.651513       0.598397        0.577312   \nSteals                0.516115       0.782704       0.716611        0.700475   \nBlocks                0.309300       0.429643       0.386526        0.401000   \nTurnovers             0.592611       0.810359       0.816155        0.799667   \nTarget                0.396913       0.317360       0.344736        0.344800   \n\n                   FieldGoalsAttempt  FieldGoalPercent  3PointMade  \\\nGamesPlayed                 0.598670          0.308058    0.032332   \nMinutesPlayed               0.916515          0.243878    0.283859   \nPointsPerGame               0.975944          0.327052    0.261200   \nFieldGoalsMade              0.974310          0.369671    0.214921   \nFieldGoalsAttempt           1.000000          0.172703    0.330899   \nFieldGoalPercent            0.172703          1.000000   -0.460159   \n3PointMade                  0.330899         -0.460159    1.000000   \n3PointAttempt               0.362281         -0.507575    0.939316   \n3PointPercent               0.240329         -0.346993    0.791494   \nFreeThrowMade               0.796757          0.318805    0.062495   \nFreeThrowAttempt            0.760969          0.371680   -0.015285   \nFreeThrowPercent            0.303490         -0.166199    0.382397   \nOffensiveRebounds           0.472074          0.586094   -0.358219   \nDefensiveRebounds           0.659713          0.450000   -0.042050   \nRebounds                    0.628004          0.521851   -0.154077   \nAssists                     0.645799         -0.141469    0.434073   \nSteals                      0.726176          0.083808    0.306695   \nBlocks                      0.324777          0.452345   -0.246789   \nTurnovers                   0.816277          0.148172    0.187680   \nTarget                      0.307072          0.239037   -0.031888   \n\n                   3PointAttempt  3PointPercent  FreeThrowMade  \\\nGamesPlayed             0.042182       0.043060       0.581210   \nMinutesPlayed           0.289591       0.185437       0.792769   \nPointsPerGame           0.277965       0.192032       0.869787   \nFieldGoalsMade          0.233971       0.153436       0.822084   \nFieldGoalsAttempt       0.362281       0.240329       0.796757   \nFieldGoalPercent       -0.507575      -0.346993       0.318805   \n3PointMade              0.939316       0.791494       0.062495   \n3PointAttempt           1.000000       0.773196       0.085591   \n3PointPercent           0.773196       1.000000       0.030273   \nFreeThrowMade           0.085591       0.030273       1.000000   \nFreeThrowAttempt        0.000864      -0.040202       0.975564   \nFreeThrowPercent        0.418769       0.361810       0.283016   \nOffensiveRebounds      -0.385060      -0.326176       0.556336   \nDefensiveRebounds      -0.082810      -0.101358       0.642832   \nRebounds               -0.191671      -0.186489       0.645911   \nAssists                 0.501336       0.355387       0.504383   \nSteals                  0.360028       0.232375       0.630523   \nBlocks                 -0.296974      -0.247873       0.380440   \nTurnovers               0.220878       0.120998       0.779354   \nTarget                 -0.038425       0.003821       0.341028   \n\n                   FreeThrowAttempt  FreeThrowPercent  OffensiveRebounds  \\\nGamesPlayed                0.564184          0.180348           0.422184   \nMinutesPlayed              0.772808          0.237766           0.546941   \nPointsPerGame              0.841688          0.287923           0.546135   \nFieldGoalsMade             0.801266          0.247911           0.570647   \nFieldGoalsAttempt          0.760969          0.303490           0.472074   \nFieldGoalPercent           0.371680         -0.166199           0.586094   \n3PointMade                -0.015285          0.382397          -0.358219   \n3PointAttempt              0.000864          0.418769          -0.385060   \n3PointPercent             -0.040202          0.361810          -0.326176   \nFreeThrowMade              0.975564          0.283016           0.556336   \nFreeThrowAttempt           1.000000          0.102057           0.626305   \nFreeThrowPercent           0.102057          1.000000          -0.202482   \nOffensiveRebounds          0.626305         -0.202482           1.000000   \nDefensiveRebounds          0.678633         -0.032652           0.792561   \nRebounds                   0.695764         -0.093222           0.905563   \nAssists                    0.439403          0.379001          -0.048615   \nSteals                     0.609248          0.219185           0.296784   \nBlocks                     0.442304         -0.228902           0.708772   \nTurnovers                  0.764197          0.211722           0.372912   \nTarget                     0.330763          0.102149           0.304435   \n\n                   DefensiveRebounds  Rebounds   Assists    Steals    Blocks  \\\nGamesPlayed                 0.528180  0.517879  0.440735  0.516115  0.309300   \nMinutesPlayed               0.786160  0.741049  0.651513  0.782704  0.429643   \nPointsPerGame               0.710901  0.690196  0.598397  0.716611  0.386526   \nFieldGoalsMade              0.717838  0.703588  0.577312  0.700475  0.401000   \nFieldGoalsAttempt           0.659713  0.628004  0.645799  0.726176  0.324777   \nFieldGoalPercent            0.450000  0.521851 -0.141469  0.083808  0.452345   \n3PointMade                 -0.042050 -0.154077  0.434073  0.306695 -0.246789   \n3PointAttempt              -0.082810 -0.191671  0.501336  0.360028 -0.296974   \n3PointPercent              -0.101358 -0.186489  0.355387  0.232375 -0.247873   \nFreeThrowMade               0.642832  0.645911  0.504383  0.630523  0.380440   \nFreeThrowAttempt            0.678633  0.695764  0.439403  0.609248  0.442304   \nFreeThrowPercent           -0.032652 -0.093222  0.379001  0.219185 -0.228902   \nOffensiveRebounds           0.792561  0.905563 -0.048615  0.296784  0.708772   \nDefensiveRebounds           1.000000  0.973636  0.218236  0.478825  0.703590   \nRebounds                    0.973636  1.000000  0.134803  0.441269  0.736304   \nAssists                     0.218236  0.134803  1.000000  0.746044 -0.110672   \nSteals                      0.478825  0.441269  0.746044  1.000000  0.194502   \nBlocks                      0.703590  0.736304 -0.110672  0.194502  1.000000   \nTurnovers                   0.559893  0.520231  0.754654  0.734458  0.249002   \nTarget                      0.306155  0.320500  0.176212  0.232763  0.217504   \n\n                   Turnovers    Target  \nGamesPlayed         0.592611  0.396913  \nMinutesPlayed       0.810359  0.317360  \nPointsPerGame       0.816155  0.344736  \nFieldGoalsMade      0.799667  0.344800  \nFieldGoalsAttempt   0.816277  0.307072  \nFieldGoalPercent    0.148172  0.239037  \n3PointMade          0.187680 -0.031888  \n3PointAttempt       0.220878 -0.038425  \n3PointPercent       0.120998  0.003821  \nFreeThrowMade       0.779354  0.341028  \nFreeThrowAttempt    0.764197  0.330763  \nFreeThrowPercent    0.211722  0.102149  \nOffensiveRebounds   0.372912  0.304435  \nDefensiveRebounds   0.559893  0.306155  \nRebounds            0.520231  0.320500  \nAssists             0.754654  0.176212  \nSteals              0.734458  0.232763  \nBlocks              0.249002  0.217504  \nTurnovers           1.000000  0.285391  \nTarget              0.285391  1.000000  ",
      "text/html": "<div>\n<style scoped>\n    .dataframe tbody tr th:only-of-type {\n        vertical-align: middle;\n    }\n\n    .dataframe tbody tr th {\n        vertical-align: top;\n    }\n\n    .dataframe thead th {\n        text-align: right;\n    }\n</style>\n<table border=\"1\" class=\"dataframe\">\n  <thead>\n    <tr style=\"text-align: right;\">\n      <th></th>\n      <th>GamesPlayed</th>\n      <th>MinutesPlayed</th>\n      <th>PointsPerGame</th>\n      <th>FieldGoalsMade</th>\n      <th>FieldGoalsAttempt</th>\n      <th>FieldGoalPercent</th>\n      <th>3PointMade</th>\n      <th>3PointAttempt</th>\n      <th>3PointPercent</th>\n      <th>FreeThrowMade</th>\n      <th>FreeThrowAttempt</th>\n      <th>FreeThrowPercent</th>\n      <th>OffensiveRebounds</th>\n      <th>DefensiveRebounds</th>\n      <th>Rebounds</th>\n      <th>Assists</th>\n      <th>Steals</th>\n      <th>Blocks</th>\n      <th>Turnovers</th>\n      <th>Target</th>\n    </tr>\n  </thead>\n  <tbody>\n    <tr>\n      <th>GamesPlayed</th>\n      <td>1.000000</td>\n      <td>0.641614</td>\n      <td>0.629725</td>\n      <td>0.631100</td>\n      <td>0.598670</td>\n      <td>0.308058</td>\n      <td>0.032332</td>\n      <td>0.042182</td>\n      <td>0.043060</td>\n      <td>0.581210</td>\n      <td>0.564184</td>\n      <td>0.180348</td>\n      <td>0.422184</td>\n      <td>0.528180</td>\n      <td>0.517879</td>\n      <td>0.440735</td>\n      <td>0.516115</td>\n      <td>0.309300</td>\n      <td>0.592611</td>\n      <td>0.396913</td>\n    </tr>\n    <tr>\n      <th>MinutesPlayed</th>\n      <td>0.641614</td>\n      <td>1.000000</td>\n      <td>0.924537</td>\n      <td>0.914580</td>\n      <td>0.916515</td>\n      <td>0.243878</td>\n      <td>0.283859</td>\n      <td>0.289591</td>\n      <td>0.185437</td>\n      <td>0.792769</td>\n      <td>0.772808</td>\n      <td>0.237766</td>\n      <td>0.546941</td>\n      <td>0.786160</td>\n      <td>0.741049</td>\n      <td>0.651513</td>\n      <td>0.782704</td>\n      <td>0.429643</td>\n      <td>0.810359</td>\n      <td>0.317360</td>\n    </tr>\n    <tr>\n      <th>PointsPerGame</th>\n      <td>0.629725</td>\n      <td>0.924537</td>\n      <td>1.000000</td>\n      <td>0.990493</td>\n      <td>0.975944</td>\n      <td>0.327052</td>\n      <td>0.261200</td>\n      <td>0.277965</td>\n      <td>0.192032</td>\n      <td>0.869787</td>\n      <td>0.841688</td>\n      <td>0.287923</td>\n      <td>0.546135</td>\n      <td>0.710901</td>\n      <td>0.690196</td>\n      <td>0.598397</td>\n      <td>0.716611</td>\n      <td>0.386526</td>\n      <td>0.816155</td>\n      <td>0.344736</td>\n    </tr>\n    <tr>\n      <th>FieldGoalsMade</th>\n      <td>0.631100</td>\n      <td>0.914580</td>\n      <td>0.990493</td>\n      <td>1.000000</td>\n      <td>0.974310</td>\n      <td>0.369671</td>\n      <td>0.214921</td>\n      <td>0.233971</td>\n      <td>0.153436</td>\n      <td>0.822084</td>\n      <td>0.801266</td>\n      <td>0.247911</td>\n      <td>0.570647</td>\n      <td>0.717838</td>\n      <td>0.703588</td>\n      <td>0.577312</td>\n      <td>0.700475</td>\n      <td>0.401000</td>\n      <td>0.799667</td>\n      <td>0.344800</td>\n    </tr>\n    <tr>\n      <th>FieldGoalsAttempt</th>\n      <td>0.598670</td>\n      <td>0.916515</td>\n      <td>0.975944</td>\n      <td>0.974310</td>\n      <td>1.000000</td>\n      <td>0.172703</td>\n      <td>0.330899</td>\n      <td>0.362281</td>\n      <td>0.240329</td>\n      <td>0.796757</td>\n      <td>0.760969</td>\n      <td>0.303490</td>\n      <td>0.472074</td>\n      <td>0.659713</td>\n      <td>0.628004</td>\n      <td>0.645799</td>\n      <td>0.726176</td>\n      <td>0.324777</td>\n      <td>0.816277</td>\n      <td>0.307072</td>\n    </tr>\n    <tr>\n      <th>FieldGoalPercent</th>\n      <td>0.308058</td>\n      <td>0.243878</td>\n      <td>0.327052</td>\n      <td>0.369671</td>\n      <td>0.172703</td>\n      <td>1.000000</td>\n      <td>-0.460159</td>\n      <td>-0.507575</td>\n      <td>-0.346993</td>\n      <td>0.318805</td>\n      <td>0.371680</td>\n      <td>-0.166199</td>\n      <td>0.586094</td>\n      <td>0.450000</td>\n      <td>0.521851</td>\n      <td>-0.141469</td>\n      <td>0.083808</td>\n      <td>0.452345</td>\n      <td>0.148172</td>\n      <td>0.239037</td>\n    </tr>\n    <tr>\n      <th>3PointMade</th>\n      <td>0.032332</td>\n      <td>0.283859</td>\n      <td>0.261200</td>\n      <td>0.214921</td>\n      <td>0.330899</td>\n      <td>-0.460159</td>\n      <td>1.000000</td>\n      <td>0.939316</td>\n      <td>0.791494</td>\n      <td>0.062495</td>\n      <td>-0.015285</td>\n      <td>0.382397</td>\n      <td>-0.358219</td>\n      <td>-0.042050</td>\n      <td>-0.154077</td>\n      <td>0.434073</td>\n      <td>0.306695</td>\n      <td>-0.246789</td>\n      <td>0.187680</td>\n      <td>-0.031888</td>\n    </tr>\n    <tr>\n      <th>3PointAttempt</th>\n      <td>0.042182</td>\n      <td>0.289591</td>\n      <td>0.277965</td>\n      <td>0.233971</td>\n      <td>0.362281</td>\n      <td>-0.507575</td>\n      <td>0.939316</td>\n      <td>1.000000</td>\n      <td>0.773196</td>\n      <td>0.085591</td>\n      <td>0.000864</td>\n      <td>0.418769</td>\n      <td>-0.385060</td>\n      <td>-0.082810</td>\n      <td>-0.191671</td>\n      <td>0.501336</td>\n      <td>0.360028</td>\n      <td>-0.296974</td>\n      <td>0.220878</td>\n      <td>-0.038425</td>\n    </tr>\n    <tr>\n      <th>3PointPercent</th>\n      <td>0.043060</td>\n      <td>0.185437</td>\n      <td>0.192032</td>\n      <td>0.153436</td>\n      <td>0.240329</td>\n      <td>-0.346993</td>\n      <td>0.791494</td>\n      <td>0.773196</td>\n      <td>1.000000</td>\n      <td>0.030273</td>\n      <td>-0.040202</td>\n      <td>0.361810</td>\n      <td>-0.326176</td>\n      <td>-0.101358</td>\n      <td>-0.186489</td>\n      <td>0.355387</td>\n      <td>0.232375</td>\n      <td>-0.247873</td>\n      <td>0.120998</td>\n      <td>0.003821</td>\n    </tr>\n    <tr>\n      <th>FreeThrowMade</th>\n      <td>0.581210</td>\n      <td>0.792769</td>\n      <td>0.869787</td>\n      <td>0.822084</td>\n      <td>0.796757</td>\n      <td>0.318805</td>\n      <td>0.062495</td>\n      <td>0.085591</td>\n      <td>0.030273</td>\n      <td>1.000000</td>\n      <td>0.975564</td>\n      <td>0.283016</td>\n      <td>0.556336</td>\n      <td>0.642832</td>\n      <td>0.645911</td>\n      <td>0.504383</td>\n      <td>0.630523</td>\n      <td>0.380440</td>\n      <td>0.779354</td>\n      <td>0.341028</td>\n    </tr>\n    <tr>\n      <th>FreeThrowAttempt</th>\n      <td>0.564184</td>\n      <td>0.772808</td>\n      <td>0.841688</td>\n      <td>0.801266</td>\n      <td>0.760969</td>\n      <td>0.371680</td>\n      <td>-0.015285</td>\n      <td>0.000864</td>\n      <td>-0.040202</td>\n      <td>0.975564</td>\n      <td>1.000000</td>\n      <td>0.102057</td>\n      <td>0.626305</td>\n      <td>0.678633</td>\n      <td>0.695764</td>\n      <td>0.439403</td>\n      <td>0.609248</td>\n      <td>0.442304</td>\n      <td>0.764197</td>\n      <td>0.330763</td>\n    </tr>\n    <tr>\n      <th>FreeThrowPercent</th>\n      <td>0.180348</td>\n      <td>0.237766</td>\n      <td>0.287923</td>\n      <td>0.247911</td>\n      <td>0.303490</td>\n      <td>-0.166199</td>\n      <td>0.382397</td>\n      <td>0.418769</td>\n      <td>0.361810</td>\n      <td>0.283016</td>\n      <td>0.102057</td>\n      <td>1.000000</td>\n      <td>-0.202482</td>\n      <td>-0.032652</td>\n      <td>-0.093222</td>\n      <td>0.379001</td>\n      <td>0.219185</td>\n      <td>-0.228902</td>\n      <td>0.211722</td>\n      <td>0.102149</td>\n    </tr>\n    <tr>\n      <th>OffensiveRebounds</th>\n      <td>0.422184</td>\n      <td>0.546941</td>\n      <td>0.546135</td>\n      <td>0.570647</td>\n      <td>0.472074</td>\n      <td>0.586094</td>\n      <td>-0.358219</td>\n      <td>-0.385060</td>\n      <td>-0.326176</td>\n      <td>0.556336</td>\n      <td>0.626305</td>\n      <td>-0.202482</td>\n      <td>1.000000</td>\n      <td>0.792561</td>\n      <td>0.905563</td>\n      <td>-0.048615</td>\n      <td>0.296784</td>\n      <td>0.708772</td>\n      <td>0.372912</td>\n      <td>0.304435</td>\n    </tr>\n    <tr>\n      <th>DefensiveRebounds</th>\n      <td>0.528180</td>\n      <td>0.786160</td>\n      <td>0.710901</td>\n      <td>0.717838</td>\n      <td>0.659713</td>\n      <td>0.450000</td>\n      <td>-0.042050</td>\n      <td>-0.082810</td>\n      <td>-0.101358</td>\n      <td>0.642832</td>\n      <td>0.678633</td>\n      <td>-0.032652</td>\n      <td>0.792561</td>\n      <td>1.000000</td>\n      <td>0.973636</td>\n      <td>0.218236</td>\n      <td>0.478825</td>\n      <td>0.703590</td>\n      <td>0.559893</td>\n      <td>0.306155</td>\n    </tr>\n    <tr>\n      <th>Rebounds</th>\n      <td>0.517879</td>\n      <td>0.741049</td>\n      <td>0.690196</td>\n      <td>0.703588</td>\n      <td>0.628004</td>\n      <td>0.521851</td>\n      <td>-0.154077</td>\n      <td>-0.191671</td>\n      <td>-0.186489</td>\n      <td>0.645911</td>\n      <td>0.695764</td>\n      <td>-0.093222</td>\n      <td>0.905563</td>\n      <td>0.973636</td>\n      <td>1.000000</td>\n      <td>0.134803</td>\n      <td>0.441269</td>\n      <td>0.736304</td>\n      <td>0.520231</td>\n      <td>0.320500</td>\n    </tr>\n    <tr>\n      <th>Assists</th>\n      <td>0.440735</td>\n      <td>0.651513</td>\n      <td>0.598397</td>\n      <td>0.577312</td>\n      <td>0.645799</td>\n      <td>-0.141469</td>\n      <td>0.434073</td>\n      <td>0.501336</td>\n      <td>0.355387</td>\n      <td>0.504383</td>\n      <td>0.439403</td>\n      <td>0.379001</td>\n      <td>-0.048615</td>\n      <td>0.218236</td>\n      <td>0.134803</td>\n      <td>1.000000</td>\n      <td>0.746044</td>\n      <td>-0.110672</td>\n      <td>0.754654</td>\n      <td>0.176212</td>\n    </tr>\n    <tr>\n      <th>Steals</th>\n      <td>0.516115</td>\n      <td>0.782704</td>\n      <td>0.716611</td>\n      <td>0.700475</td>\n      <td>0.726176</td>\n      <td>0.083808</td>\n      <td>0.306695</td>\n      <td>0.360028</td>\n      <td>0.232375</td>\n      <td>0.630523</td>\n      <td>0.609248</td>\n      <td>0.219185</td>\n      <td>0.296784</td>\n      <td>0.478825</td>\n      <td>0.441269</td>\n      <td>0.746044</td>\n      <td>1.000000</td>\n      <td>0.194502</td>\n      <td>0.734458</td>\n      <td>0.232763</td>\n    </tr>\n    <tr>\n      <th>Blocks</th>\n      <td>0.309300</td>\n      <td>0.429643</td>\n      <td>0.386526</td>\n      <td>0.401000</td>\n      <td>0.324777</td>\n      <td>0.452345</td>\n      <td>-0.246789</td>\n      <td>-0.296974</td>\n      <td>-0.247873</td>\n      <td>0.380440</td>\n      <td>0.442304</td>\n      <td>-0.228902</td>\n      <td>0.708772</td>\n      <td>0.703590</td>\n      <td>0.736304</td>\n      <td>-0.110672</td>\n      <td>0.194502</td>\n      <td>1.000000</td>\n      <td>0.249002</td>\n      <td>0.217504</td>\n    </tr>\n    <tr>\n      <th>Turnovers</th>\n      <td>0.592611</td>\n      <td>0.810359</td>\n      <td>0.816155</td>\n      <td>0.799667</td>\n      <td>0.816277</td>\n      <td>0.148172</td>\n      <td>0.187680</td>\n      <td>0.220878</td>\n      <td>0.120998</td>\n      <td>0.779354</td>\n      <td>0.764197</td>\n      <td>0.211722</td>\n      <td>0.372912</td>\n      <td>0.559893</td>\n      <td>0.520231</td>\n      <td>0.754654</td>\n      <td>0.734458</td>\n      <td>0.249002</td>\n      <td>1.000000</td>\n      <td>0.285391</td>\n    </tr>\n    <tr>\n      <th>Target</th>\n      <td>0.396913</td>\n      <td>0.317360</td>\n      <td>0.344736</td>\n      <td>0.344800</td>\n      <td>0.307072</td>\n      <td>0.239037</td>\n      <td>-0.031888</td>\n      <td>-0.038425</td>\n      <td>0.003821</td>\n      <td>0.341028</td>\n      <td>0.330763</td>\n      <td>0.102149</td>\n      <td>0.304435</td>\n      <td>0.306155</td>\n      <td>0.320500</td>\n      <td>0.176212</td>\n      <td>0.232763</td>\n      <td>0.217504</td>\n      <td>0.285391</td>\n      <td>1.000000</td>\n    </tr>\n  </tbody>\n</table>\n</div>"
     },
     "execution_count": 46,
     "metadata": {},
     "output_type": "execute_result"
    }
   ],
   "source": [
    "sports.corr(method='spearman')"
   ],
   "metadata": {
    "collapsed": false,
    "pycharm": {
     "name": "#%%\n"
    }
   }
  },
  {
   "cell_type": "code",
   "execution_count": 45,
   "outputs": [
    {
     "data": {
      "text/plain": "                   GamesPlayed  MinutesPlayed  PointsPerGame  FieldGoalsMade  \\\nGamesPlayed           1.000000       0.590240       0.538471        0.542724   \nMinutesPlayed         0.590240       1.000000       0.911822        0.903060   \nPointsPerGame         0.538471       0.911822       1.000000        0.990834   \nFieldGoalsMade        0.542724       0.903060       0.990834        1.000000   \nFieldGoalsAttempt     0.516625       0.910247       0.979733        0.980050   \nFieldGoalPercent      0.296289       0.203901       0.255333        0.291693   \n3PointMade            0.107423       0.389920       0.346682        0.289007   \n3PointAttempt         0.098772       0.403258       0.356751        0.299057   \n3PointPercent         0.038209       0.165997       0.151072        0.119493   \nFreeThrowMade         0.482123       0.791000       0.896297        0.848019   \nFreeThrowAttempt      0.479487       0.779609       0.880703        0.840408   \nFreeThrowPercent      0.196299       0.239878       0.258931        0.223566   \nOffensiveRebounds     0.401136       0.573062       0.575106        0.596687   \nDefensiveRebounds     0.466840       0.745513       0.693934        0.703278   \nRebounds              0.460406       0.709707       0.676849        0.691186   \nAssists               0.372749       0.629015       0.552338        0.532534   \nSteals                0.451137       0.757034       0.675341        0.662640   \nBlocks                0.276498       0.399088       0.387043        0.398125   \nTurnovers             0.518167       0.826500       0.850366        0.834352   \nTarget                0.396833       0.317805       0.315981        0.317594   \n\n                   FieldGoalsAttempt  FieldGoalPercent  3PointMade  \\\nGamesPlayed                 0.516625          0.296289    0.107423   \nMinutesPlayed               0.910247          0.203901    0.389920   \nPointsPerGame               0.979733          0.255333    0.346682   \nFieldGoalsMade              0.980050          0.291693    0.289007   \nFieldGoalsAttempt           1.000000          0.129798    0.390253   \nFieldGoalPercent            0.129798          1.000000   -0.294471   \n3PointMade                  0.390253         -0.294471    1.000000   \n3PointAttempt               0.413560         -0.350658    0.982616   \n3PointPercent               0.197160         -0.330690    0.589855   \nFreeThrowMade               0.826616          0.245776    0.158472   \nFreeThrowAttempt            0.805559          0.300154    0.095396   \nFreeThrowPercent            0.269614         -0.161183    0.314355   \nOffensiveRebounds           0.504212          0.511367   -0.219010   \nDefensiveRebounds           0.640123          0.410555    0.016570   \nRebounds                    0.614328          0.465423   -0.072503   \nAssists                     0.589818         -0.108797    0.376604   \nSteals                      0.690168          0.056658    0.306908   \nBlocks                      0.322184          0.391626   -0.158535   \nTurnovers                   0.845989          0.121806    0.258369   \nTarget                      0.292660          0.227134    0.036619   \n\n                   3PointAttempt  3PointPercent  FreeThrowMade  \\\nGamesPlayed             0.098772       0.038209       0.482123   \nMinutesPlayed           0.403258       0.165997       0.791000   \nPointsPerGame           0.356751       0.151072       0.896297   \nFieldGoalsMade          0.299057       0.119493       0.848019   \nFieldGoalsAttempt       0.413560       0.197160       0.826616   \nFieldGoalPercent       -0.350658      -0.330690       0.245776   \n3PointMade              0.982616       0.589855       0.158472   \n3PointAttempt           1.000000       0.582337       0.173533   \n3PointPercent           0.582337       1.000000       0.030320   \nFreeThrowMade           0.173533       0.030320       1.000000   \nFreeThrowAttempt        0.108388      -0.032333       0.980505   \nFreeThrowPercent        0.323612       0.326372       0.257818   \nOffensiveRebounds      -0.231897      -0.288759       0.583865   \nDefensiveRebounds       0.011226      -0.122949       0.653823   \nRebounds               -0.080939      -0.191071       0.653833   \nAssists                 0.410531       0.262120       0.476214   \nSteals                  0.338631       0.194329       0.600158   \nBlocks                 -0.172150      -0.242274       0.407466   \nTurnovers               0.283925       0.108277       0.804990   \nTarget                  0.018110      -0.003411       0.296841   \n\n                   FreeThrowAttempt  FreeThrowPercent  OffensiveRebounds  \\\nGamesPlayed                0.479487          0.196299           0.401136   \nMinutesPlayed              0.779609          0.239878           0.573062   \nPointsPerGame              0.880703          0.258931           0.575106   \nFieldGoalsMade             0.840408          0.223566           0.596687   \nFieldGoalsAttempt          0.805559          0.269614           0.504212   \nFieldGoalPercent           0.300154         -0.161183           0.511367   \n3PointMade                 0.095396          0.314355          -0.219010   \n3PointAttempt              0.108388          0.323612          -0.231897   \n3PointPercent             -0.032333          0.326372          -0.288759   \nFreeThrowMade              0.980505          0.257818           0.583865   \nFreeThrowAttempt           1.000000          0.114872           0.653445   \nFreeThrowPercent           0.114872          1.000000          -0.146786   \nOffensiveRebounds          0.653445         -0.146786           1.000000   \nDefensiveRebounds          0.700863         -0.022905           0.838580   \nRebounds                   0.711425         -0.071105           0.932694   \nAssists                    0.428624          0.296315          -0.012109   \nSteals                     0.580065          0.207205           0.286545   \nBlocks                     0.468974         -0.161152           0.648346   \nTurnovers                  0.798936          0.199742           0.421695   \nTarget                     0.296089          0.106706           0.293307   \n\n                   DefensiveRebounds  Rebounds   Assists    Steals    Blocks  \\\nGamesPlayed                 0.466840  0.460406  0.372749  0.451137  0.276498   \nMinutesPlayed               0.745513  0.709707  0.629015  0.757034  0.399088   \nPointsPerGame               0.693934  0.676849  0.552338  0.675341  0.387043   \nFieldGoalsMade              0.703278  0.691186  0.532534  0.662640  0.398125   \nFieldGoalsAttempt           0.640123  0.614328  0.589818  0.690168  0.322184   \nFieldGoalPercent            0.410555  0.465423 -0.108797  0.056658  0.391626   \n3PointMade                  0.016570 -0.072503  0.376604  0.306908 -0.158535   \n3PointAttempt               0.011226 -0.080939  0.410531  0.338631 -0.172150   \n3PointPercent              -0.122949 -0.191071  0.262120  0.194329 -0.242274   \nFreeThrowMade               0.653823  0.653833  0.476214  0.600158  0.407466   \nFreeThrowAttempt            0.700863  0.711425  0.428624  0.580065  0.468974   \nFreeThrowPercent           -0.022905 -0.071105  0.296315  0.207205 -0.161152   \nOffensiveRebounds           0.838580  0.932694 -0.012109  0.286545  0.648346   \nDefensiveRebounds           1.000000  0.978177  0.186679  0.411894  0.688135   \nRebounds                    0.978177  1.000000  0.119081  0.381154  0.699672   \nAssists                     0.186679  0.119081  1.000000  0.751289 -0.086470   \nSteals                      0.411894  0.381154  0.751289  1.000000  0.133808   \nBlocks                      0.688135  0.699672 -0.086470  0.133808  1.000000   \nTurnovers                   0.570187  0.536716  0.747286  0.741988  0.282150   \nTarget                      0.284677  0.299406  0.175353  0.229811  0.210114   \n\n                   Turnovers    Target  \nGamesPlayed         0.518167  0.396833  \nMinutesPlayed       0.826500  0.317805  \nPointsPerGame       0.850366  0.315981  \nFieldGoalsMade      0.834352  0.317594  \nFieldGoalsAttempt   0.845989  0.292660  \nFieldGoalPercent    0.121806  0.227134  \n3PointMade          0.258369  0.036619  \n3PointAttempt       0.283925  0.018110  \n3PointPercent       0.108277 -0.003411  \nFreeThrowMade       0.804990  0.296841  \nFreeThrowAttempt    0.798936  0.296089  \nFreeThrowPercent    0.199742  0.106706  \nOffensiveRebounds   0.421695  0.293307  \nDefensiveRebounds   0.570187  0.284677  \nRebounds            0.536716  0.299406  \nAssists             0.747286  0.175353  \nSteals              0.741988  0.229811  \nBlocks              0.282150  0.210114  \nTurnovers           1.000000  0.272348  \nTarget              0.272348  1.000000  ",
